B_aet=0.1503;
J_aet=0.0035;
roa=0.24;
theta_o=12;
K_sp=0.038586;
Toa_ho=0.3193;
F_so=0.089;